541030304003
541030308002
541030307002
541030305001
541030304004
540599572002
540599574002
540550012002
540110106004
540490218001
540490218003
540490213002
540490213001
540490215003
540490215004
540190211002
540190202021
540390134001
540390006002
540390011004
540390015004
540110004002
540110006001
540110014003
540890008002
540890008001
540890005002
540890005003
540890008003
540890006002
540890005001
540390002002
540739622004
540919646003
540390020002
540390105001
540390018001
540390003002
540039713013
540039711014
540319702011
540390005001
540039720021
540490213003
540459561032
540459561031
540459561042
540459561033
540459561041
540659708004
540659709001
540659708002
540659708003
540659709003
540659709002
540659708001
540390101004
540790206092
540779638012
540790207001
540779638011
540779641031
540779638021
540779638023
540779641012
540779641032
540779640001
540259503003
540259502004
540259505002
540259503002
540259503004
540259506004
540259505003
540259502003
540259502002
541070008011
540039713011
540039721032
540379726021
540390102001
540390103001
540390103002
540379728001
540190211003
540190208001
540190209001
540319701011
540319702021
540319702022
540319701021
540319701022
540390113011
540550013001
540550013003
540690018006
540110108021
540359634003
540510208003
540510211004
540279685002
540039717004
540390122001
540610104001
540390103003
540790205002
540039717001
540039717002
540390138001
540610116022
540610116023
540610106013
540610116021
540610101033
540610101031
540290206002
541030049001
540039714021
540039712063
540490202002
540039713012
540190202023
540610102024
540839661002
540839662003
540839663003
540839665001
540839659001
540839659003
540739621001
540159580002
540719705004
540330305022
540810008024
540810008033
541070110004
541070110003
541070005003
540690004002
540690021003
540379724021
540390135002
540550013002
540039720022
540390136001
540390136003
540690003001
540550012001
540550019002
540550023003
540550016001
540919647003
540919647005
540919647004
540919649002
541050301021
540690026003
540690026001
540610118061
540610113002
540959618004
540959619003
540959619002
540959620002
540959618001
540959620001
540959619004
540959619001
540959618002
540490203003
540490202001
540610109012
540610109022
540239695002
540239696002
540239696004
540239694002
540239696003
540239694003
540239696001
540239694001
540110102022
540110103001
540510209004
540510211003
540879631004
540879630002
540390122002
540890006001
540890006003
540919647002
540919649001
540919647001
540919648004
540919646004
540790205003
540690027002
540719704001
540719705003
540719705002
540719706002
540719705001
540390107012
540390107021
540110020001
540679504004
540679505001
540679501002
540679504002
540679501001
540859623004
540490203004
540359636002
540359636003
540359634002
540359632001
540359635001
540359632002
540490203002
540359636001
540359636004
540359634001
540359632003
540359632004
540359633001
540610112002
540330306042
540330301004
540459568004
540690002004
540510210011
540510210026
541070008023
540259502005
540259506003
540390006003
540159580001
540159579001
540159581001
540159581002
540459566002
540459562002
540459567003
541090029021
540390115002
541070007013
540079681005
541070007021
541070007022
540379725031
540330310004
540810003002
540110001021
540190205001
540379722041
540379728004
540379725011
540379728003
540379725061
540550011002
540550022004
540550024001
540550009001
540039712062
540039714011
540039713014
540039712052
540039711013
540039720031
540039714023
540039719022
540039721043
540039718022
540039713023
540039721042
540039712061
540039721051
541070009033
540219677011
541070107063
541070005004
541070007012
540690007001
540690007002
540390021004
540610109014
540510206011
540390129002
540859624003
540990208003
540990210002
540990208002
540610110001
540390015003
540390015002
540390123021
540390123011
540330303002
540330317001
540039717007
540419672004
540419676002
540419676001
540419672001
540419673003
540419672003
540419672002
540419675003
540859624002
540379728002
540379727013
540379723002
540379727021
540379727012
540379723001
540379723003
540379727011
540390138002
540390138003
540390110001
540490211003
540390111002
540390113024
540390118002
540110002002
540110013001
540110106002
540110102023
540110021002
540110021001
540110103004
540110011001
540110009002
540110009001
540110010002
540359633004
540359635002
540839660003
540490210012
540219677013
540219677012
540219677016
540219677015
540219677014
540459569002
540459565001
540459561023
540459569001
540479545045
540110001012
540439557003
540439558003
540439555002
540439556003
540439555004
540219678003
540290209003
540919646006
540550022003
540550010003
540550015003
540979671001
540979666001
540979671003
540979670004
540979669003
540379724011
540979668002
540979669001
540979670002
540979666002
540979668001
540979671004
540979670001
540959618003
540570101001
540790207003
540379727022
540690002003
540690013001
540690021001
540610101011
540419675001
540479538003
540359633003
540110102032
540510210022
540510210021
540510210023
541070003002
540090312002
540790206042
540790206081
540490211001
540490214001
540490215002
540190208003
540279686023
540279686021
540279682012
540279682022
541019702002
540279682021
540279684012
540279683022
540279683011
540279684021
540279684022
540279686011
540279686022
540279685004
540279685003
540039716003
540039716004
540039716005
541019701022
541019701011
541019703002
540390137021
540390013001
540039719012
540019655003
540919648002
540330316001
540330302002
540330318002
540330316002
540330307002
540330310003
540330320001
540259506002
540810014002
540290207001
540510207021
540810008044
540279683021
540279684011
540279682013
540279682023
540610102042
540279683024
540279683012
540279683023
540279686012
540279682011
540279686013
540610101042
540390128004
540390110002
540839660001
540839664002
540839664004
540839663002
540039712042
540039718023
540179651004
540110108011
540690015002
540810008021
540810012003
540810014004
540810008023
540839664005
540839664003
541070109021
540610117002
540419674002
541070106021
541070106023
540610106011
540810005003
540739622002
540739622001
540739621002
540739621003
540739622003
540459567005
540459568005
540459561021
540459564002
540810012004
540810008041
540810009006
540810014001
540810010021
540810010011
540810004002
540259502001
540259503001
540259506001
540539550002
540259504011
540259501023
540259504023
540290211001
540379722042
540259501021
540259507021
540259501022
540259507022
540259507012
540259501011
540790201005
541070102001
540059586001
540059582002
540810010013
540810014003
540810007002
540810009005
540810011001
540810013001
540379726011
540479545032
540479545031
540479545033
540479540001
540550018002
540610120003
540390106013
540390106011
540990204005
540990204004
540990205003
540990206003
540990201001
540679504003
540679505002
540679507003
540990209001
540990203002
540990205004
540990201002
540990204002
540990206001
540990206004
540990203006
540990209003
540990204003
540990205002
540390131002
540390001001
540390003004
540790206071
541090032005
541090032001
541090028001
540810006003
540510209001
540439554021
540439554011
540390017001
540539550004
540510213003
540510213002
540510208002
540510211001
540610106022
541070103001
540610120002
540610107004
540090311032
540390114022
540390002001
540610102025
540610114001
540390107022
540390003001
540610115004
540610109023
541090030002
540110018001
540110018002
540490212013
540610109021
540610102021
540610106021
541070009021
541070009031
540390008002
540219678002
540219678001
540390137025
540279685001
540610107001
540610111001
540390132002
540390019021
540390011002
540110101041
540110105004
540839659002
540110104013
540110107012
540110108022
540290207002
540290212002
540290209001
540390128001
540390128002
540639501003
540639503002
540639503004
540639502005
540639501002
540639502001
540639502003
540639502004
540490211002
540810005001
540390013002
540550018003
540550011004
540550011003
540490205002
540570106002
540490201001
540110016001
540090317002
540090311023
540390114023
540550018001
540759603002
540759603001
540059585022
540059587001
540719704002
540719706001
540330301002
540539551012
540039717005
540039717006
540610104002
540610104005
540390136002
540390113012
540390011001
540390006001
540390013003
540390020003
540390118005
540390111003
540390105002
541070009032
540859625002
540859625003
540859623002
540859625004
540859623001
540859624001
540570105001
540570103001
540570101003
540570106001
540570104001
540570103003
540570103002
540570102001
541030304002
540490207003
540379725013
540379724024
540379725012
540379722032
540379722013
540379726023
540379725032
540379726012
540379725062
540379724023
540570104002
540570107001
540570105004
540570104003
540539551022
540539548011
540539551013
541019701021
540919646002
540810004001
540390115001
540690006002
540690022002
540690017001
541070107052
540690027001
540690020004
540690021002
540690022001
540690020002
540690016001
540610120004
540039712031
540039712041
540039712032
540039712064
540039719013
540039713022
540039718012
540039719011
540779644001
540039719023
540039721014
540379725051
540039718011
540039714022
540039720011
540039721041
540039720032
540039714012
540039718021
540039719021
540039721052
540039719014
540390021002
540510211002
540390108031
540390132003
540390106014
540390123012
540839661004
540810008031
540550014001
540690019011
540839665002
540839662001
540839662002
540839665003
540839662004
540839659004
540570105003
540570106003
540570102002
540570107002
540039721013
540390107023
540390110004
540390109001
540390018003
540610104004
540390019022
540390114011
540330307001
540319703003
540319703001
540359633002
540810008032
540810008043
540810003001
540810007001
540810012002
540039711012
540390011006
540290214004
540290211004
540290212004
540610101012
540259504012
540259501024
540259507011
540259507014
540259504022
540490202003
540639502002
540639503003
540639503001
540390118004
540990208001
540990209002
540990210001
540599571004
540599572001
540599576004
540599577003
540599572003
540599571003
540599575001
540599574003
540599574004
540599574001
540599575003
540610112001
541070004002
540550012003
540810002001
540810002002
540810003003
540190204002
540190210001
540190208002
540690021004
540159581003
540790202004
540790204001
540790201002
540330306012
540330311001
540330317002
540330318001
540330312002
540330320002
540330306011
540679506004
540679503001
540539548012
541070101022
541070109012
540790201003
540939653002
541070109014
541070001002
541070105021
540790204002
540790202003
540190209003
541070101021
540190202022
540190204004
540190207003
540190206002
540190203002
540490206001
540919648003
540919646005
540610109011
540990052002
540939654003
540939653003
540939654001
540939654002
540939653001
540939652002
540610114003
540610115005
540610108003
540610114006
540550021001
540550021002
540490212012
540290207003
541070009011
541070109013
541070109022
540319702023
540319702012
540319701012
540330313001
540330304003
540330314001
540330319003
540390104001
540759601022
540759601021
540759601011
540690018003
541050301022
541050301011
540190204001
540610117004
540610119001
540610118031
540610113006
540610118063
540110010001
540110011002
540110012001
540110012002
540110012003
540110013002
540759602012
540759602021
540759602011
540759601012
540759602022
540990208004
540990205005
540779639002
540110014001
540110014002
540290215002
540330314002
540330308021
540330308022
540330318003
541070107051
540439554022
540439554023
540439554013
540439554012
540290214003
540290212001
540290206003
540290212003
540290215003
540290211002
540290206001
540330321031
540330308011
540330311002
540330321043
540390130012
540390130021
540610110002
540990204001
540990205001
540990206002
540459562001
540459568003
540439558002
540439558004
540679506003
540679506001
540610113004
540610114002
540610119002
540610113001
540610118043
540610115003
540610113003
540610115001
540610115002
540979669002
541090028002
541090031003
541090029012
541090032003
541090031002
541090029011
541090029023
540390005002
540359637021
540359637012
540359637011
540359637013
540359637023
540359637022
540690017002
540039716002
541070005002
540290215001
540330306031
540330306041
540330305023
540090316001
540090317003
540090316002
540810006002
540190207001
540190207002
540190201013
540190201021
540190201012
540190201011
541050301012
540390006004
540390121002
540390112003
540390112004
540779640002
540779645003
540039721011
540039711011
540039721012
540390019012
540390011005
540390128003
540610110003
540610109013
540610117001
540610117003
540610118044
540610118042
540610118033
540610114005
540610118053
540610118051
540610118041
540610108004
540610113005
541070108001
541070109011
541070008022
541070101011
540550014003
540550020002
540610109024
540610118034
541070106011
541070106022
541070109023
540110015002
541070005001
540110103002
540110004001
540110105001
540110001011
540110106001
540110021003
540390122003
540390113021
540390101003
540779643003
540779642004
540610120001
540390133002
540779639001
540779642001
540779645002
540779642002
540779639003
541070107061
540390018002
540390019013
540779640004
540779643001
540779639004
540779644002
540390020004
540110104021
540390020001
540390021001
540390102002
540510208005
540510208001
540510208004
540510213001
540510209003
540510202002
540510202001
540490203001
540490203005
540539549011
540539549012
540539549023
540539549021
540539549022
540839661003
540839664001
540839665004
540839663001
540390107013
540490209004
540330301003
540979667002
540510210024
540390007001
540390007002
540390007003
540390115003
540039715002
540790206093
540179650002
540179650003
540179650001
540179651001
540179650004
540179651002
540179651003
540510209002
540510202003
540510205001
540510206012
540510211005
540510213004
540110015001
540810006001
540810015001
540390131001
540390132001
540110109001
540610102032
540259507013
540810002003
540039715001
540110018003
541090031004
540110018004
540110018005
540110103003
540110105002
540110106003
540779640003
540779643002
540779644003
540390017002
540390015001
540190211001
540190209002
540190203001
540190204003
540190210002
540190206001
540190209004
540110109002
540110005001
540110105003
540039711051
540039713021
540990203005
540990207003
540039712051
540039711042
540039711041
540039711031
540039721031
540479545041
540479545011
540479545012
540479538004
540610107002
540790206061
540479538002
540479539002
540479540002
540479545043
540479540003
540390135003
540390137023
540390112002
540390113022
540390121003
540390121001
540390101002
540610108001
540690014004
540690015001
540059588002
540059582003
540330302001
540330303001
540390133001
540059583003
540059583002
540059583001
540459566001
540459568001
540039715004
540039716001
540610104003
540610116012
540239695001
540239694004
540790205005
540790201004
540790206012
540790202002
540879629011
540879629021
540879629022
540879629012
540879629013
541070105023
541090029022
540419676003
540919648001
540919646001
540110101031
540110108012
540110101042
540110107013
540110107011
540110107021
540110104023
540390114021
540390114012
540539551011
540539550005
540330310002
540330312001
540330313002
540330315001
540330316003
540330319001
540330319002
540839660002
540879631003
540490208004
540319703002
540319703004
540159579002
540259501012
540259504021
540479536001
540479542001
541070105011
541070105012
540219800001
540110104012
540690002001
540690016002
540690002002
540690014001
540390122004
540390108022
540790206072
540390137011
540390021003
540390137024
540390109002
540539548023
540539550003
540490208002
540939652001
540330310001
540690005001
540690018005
540690018001
540990203003
540990203004
540690020003
540690020001
540390107011
540690003002
540690004001
540690005002
540890007001
540090312001
540510210025
540990207001
540990210003
540990207002
540330304002
540490217002
540490206002
540879631001
540379727023
540379726022
540550016002
540550018004
540550021003
540390111001
540390118003
540390137022
540490204001
540690018002
540459568002
540859623003
540859625001
540390009001
540390008001
540610107005
540570105002
540610118064
540610118052
540790206083
540790206091
540659710021
540659707012
540679502012
540639501001
540290207004
540610116011
540390015005
540110108023
540110101032
540110107022
540110102042
540390134002
540390135001
540039720012
541030308001
541030305003
540610102031
540610101043
540110102041
540110102033
540110006002
540390012001
540110102031
540690019012
540690026004
540610102041
540810011004
540810009004
540390112001
540390113023
540810011003
540810009003
540810013002
540810009002
540550017001
540550020001
540550017002
540550009002
540550019001
540570101002
540610102022
540610102023
540810013003
540810015003
540810011002
540810005002
540810008022
541070104002
541030307004
540610110004
540190203003
541070103002
540810015002
541070104001
540550017003
540550011001
540550010004
540550022002
540550015002
540110019002
540110019003
540610111002
540610108002
540610101041
540610101032
540610107003
540679502011
540679502021
540550017004
540550010002
540550015001
540550022001
540550023002
540550024002
540110020002
540110102021
541070107041
541070107062
541070107034
541070107033
541070107031
540779638022
540779641011
540779641021
540790206062
540779643004
540390013004
540490216012
540490216011
540490216021
540490216022
540490212021
540490212011
540490210021
540490212022
540490210013
540490207004
540490208001
540490209005
540490210011
540490210022
541070110001
540919648005
541070009022
540790206011
540790205001
540790202001
540790201001
540790203002
540390110003
540790203001
541070110002
541070003001
540190202012
540190202011
540190202013
540379725053
540330305021
540330321032
540330305011
540330321041
540330321034
540330321042
540330321033
540790206041
540979667001
540839660004
540610118054
540610118062
540610118032
540190205002
540790206084
540790206082
540610106012
540610102033
540419675002
540090314011
540290213001
540390102003
541070105022
540110104022
540110013003
540379724013
540990051001
540390115004
540039717003
540039720013
540379724022
540690006001
540479545042
540479539001
540479538001
540479545044
540330303003
540479536002
540330304001
540879628002
540879631002
540779645001
540779643005
540779642003
540779644004
540390019011
540390105003
540110002001
540110002003
540110003001
540110003002
540110104011
540379724012
540550014002
541090032004
540979670003
540979671002
540979666003
540979668003
540459564003
540459564001
540459561022
540459567001
540459567004
540459566003
540459566004
540459565002
540459567002
540390130011
540290214001
540659710022
540659710012
540659710011
540659707011
540659707021
540659710013
540079681002
540290214002
540290209002
541030307001
540059583004
540059582001
540059584001
540059588001
540059585011
540059586002
540059585021
540330306043
540599577001
540599575002
540599576003
540139627001
540139627003
540090311031
540090311041
540090311042
540090314021
540090314022
540090314012
540599577002
540599573002
540610119003
540610114004
540139626003
540139627002
540139626002
540139626001
540690026002
540599571002
540599577004
540599571001
540810010012
540810012001
540810009001
540810010022
540810008042
540679504001
540679507001
540679507002
540679506002
540690013002
540390123022
540019658003
540019655001
540019656003
540019657004
540610112003
540610111003
540839661001
540419673001
540419674001
540419673002
540259505001
540439558001
540439557001
540439556001
540439556002
540439555001
540439556004
540390106022
540390019023
541070107032
541070107042
540110019001
540490205003
540490215001
540490207001
540490209003
540490218002
540490209001
540039711052
540110001022
540879630001
540879630003
540879628003
540879628001
540879630004
540790203003
540790204004
540790205004
540539551021
540539550001
540539551023
540539548022
540539548021
540539551024
541070008021
540490205001
541019701012
540039715003
540490214002
540490217001
540110101043
540059585012
540019658002
540019656001
540019658001
540019656002
540019657003
540019657002
540019655002
540990052001
540690014002
540690014003
540019655004
540019657001
540019658004
